   10    9    0.700000   50   50  70 0.02 1.50  0.2222E-07  0.2222E-07  0.2282E-07  0.4528E-08  0.2591E-09  2.708
   10    9    0.700000  100  100  70 0.02 1.50  0.2222E-07  0.2222E-07  0.2245E-07  0.4301E-08 -0.1485E-10  1.016
   10    9    0.700000  150  150  70 0.02 1.50  0.2222E-07  0.2222E-07  0.2249E-07  0.4306E-08 -0.2247E-10  1.213
   10    9    0.700000  250  250  70 0.02 1.50  0.2222E-07  0.2222E-07  0.2248E-07  0.4327E-08  0.1645E-11  1.163
   10    9    0.700000  350  350  70 0.02 1.50  0.2222E-07  0.2222E-07  0.2247E-07  0.4324E-08 -0.1933E-11  1.133
   10    9    0.700000  450  450  70 0.02 1.50  0.2222E-07  0.2222E-07  0.2247E-07  0.4324E-08 -0.5398E-12  1.129
   10    9    0.700000  550  550  70 0.02 1.50  0.2222E-07  0.2222E-07  0.2247E-07  0.4324E-08 -0.6237E-12  1.126
   10    9    0.700000  750  750  70 0.02 1.50  0.2222E-07  0.2222E-07  0.2247E-07  0.4324E-08 -0.2116E-12  1.125
   10    9    0.700000 1500 1500  70 0.02 1.50  0.2222E-07  0.2222E-07  0.2247E-07  0.4325E-08 -0.1256E-12  1.124
   10    9    0.700000 3000 3000  70 0.02 1.50  0.2222E-07  0.2222E-07  0.2247E-07  0.4325E-08 -0.1285E-12  1.124
   10    9    0.700000 6000 6000  70 0.02 1.50  0.2222E-07  0.2222E-07  0.2247E-07  0.4325E-08 -0.1255E-12  1.124
