#
   10    9    0.700000   50   50  70 0.02 1.50  0.2222E-07  0.2222E-07  0.2282E-07  0.4528E-08  0.2591E-09  2.708
   10    9    0.700000  100  100  70 0.02 1.50  0.2222E-07  0.2222E-07  0.2245E-07  0.4301E-08 -0.1485E-10  1.016
   10    9    0.700000  150  150  70 0.02 1.50  0.2222E-07  0.2222E-07  0.2249E-07  0.4306E-08 -0.2247E-10  1.213
   10    9    0.700000  250  250  70 0.02 1.50  0.2222E-07  0.2222E-07  0.2248E-07  0.4327E-08  0.1645E-11  1.163
   10    9    0.700000  350  350  70 0.02 1.50  0.2222E-07  0.2222E-07  0.2247E-07  0.4324E-08 -0.1933E-11  1.133
   10    9    0.700000  450  450  70 0.02 1.50  0.2222E-07  0.2222E-07  0.2247E-07  0.4324E-08 -0.5398E-12  1.129
   10    9    0.700000  550  550  70 0.02 1.50  0.2222E-07  0.2222E-07  0.2247E-07  0.4324E-08 -0.6237E-12  1.126
   10    9    0.700000  750  750  70 0.02 1.50  0.2222E-07  0.2222E-07  0.2247E-07  0.4324E-08 -0.2116E-12  1.125
   10    9    0.700000 1500 1500  70 0.02 1.50  0.2222E-07  0.2222E-07  0.2247E-07  0.4325E-08 -0.1256E-12  1.124
   10    9    0.700000 3000 3000  70 0.02 1.50  0.2222E-07  0.2222E-07  0.2247E-07  0.4325E-08 -0.1285E-12  1.124
   10    9    0.700000 6000 6000   70 0.02 1.50  0.2222E-07  0.2222E-07  0.2247E-07  0.4325E-08 -0.1255E-12  1.124
   10    9    0.700000  150  150   70 0.02 1.00  0.2222E-07  0.2222E-07  0.2247E-07  0.4307E-08 -0.2079E-10  1.106
   10    9    0.700000  100  100   70 0.02 1.00  0.2222E-07  0.2222E-07  0.2239E-07  0.4287E-08 -0.2498E-10  0.733
   10    9    0.700000   40   40   70 0.02 1.00  0.2222E-07  0.2222E-07  0.2343E-07  0.4503E-08 -0.5534E-10  5.431
   10    9    0.700000   40   40   70 0.02 1.00  0.2222E-07  0.2222E-07  0.2343E-07  0.4503E-08 -0.5534E-10  5.431
   10    9    0.700000   50   50   70 0.02 1.00  0.2222E-07  0.2222E-07  0.2259E-07  0.4424E-08  0.1637E-09  1.652
   10    9    0.100000  100  100   70 0.02 1.00  0.2779E-07  0.2779E-07  0.2793E-07  0.9799E-10 -0.8821E-11  0.504
   10    9    0.100000  200  200   70 0.02 1.00  0.2779E-07  0.2779E-07  0.2796E-07  0.1067E-09  0.4434E-11  0.622
   10    9    0.100000  400  400   70 0.02 1.00  0.2779E-07  0.2779E-07  0.2798E-07  0.1049E-09  0.1870E-11  0.689
   10    9    0.010000  400  400   70 0.02 1.00  0.2793E-07  0.2793E-07  0.2804E-07  0.1140E-11  0.1394E-12  0.397
   10    9    0.010000  100  100   70 0.02 1.00  0.2793E-07  0.2793E-07  0.2799E-07  0.2123E-12 -0.1222E-11  0.233
   10    9    0.900000  100  100   70 0.02 1.00  0.1949E-07  0.1949E-07  0.1963E-07  0.6352E-08 -0.5353E-11  0.707
   10    9    0.900000   50   50   70 0.02 1.00  0.1949E-07  0.1949E-07  0.1995E-07  0.6590E-08  0.1855E-09  2.365
   10    9    1.200000   50   50   70 0.02 1.00  0.1599E-07  0.1599E-07  0.1656E-07  0.9360E-08  0.1712E-09  3.591
   10    9    1.200000  150  150   70 0.02 1.00  0.1599E-07  0.1599E-07  0.1612E-07  0.9023E-08 -0.1007E-10  0.825
   10    9    1.200000  150  150   70 0.02 1.00  0.7994E-08  0.7994E-08  0.8060E-08  0.4512E-08 -0.5033E-11  0.825  0.001
   10    9    1.200000   50   50   70 0.02 1.00  0.7994E-08  0.7994E-08  0.8281E-08  0.4680E-08  0.8558E-10  3.591  0.001
   10    9    1.200000   50   50   70 0.02 1.00  0.7994E-07  0.7994E-07  0.8281E-07  0.4680E-07  0.8558E-09  3.591  0.010
   10    9    1.200000   50   50   70 0.02 1.00  0.7994E-06  0.7994E-06  0.8281E-06  0.4680E-06  0.8558E-08  3.591  0.100
   10    9    1.200000  150  150   70 0.02 1.00  0.7994E-06  0.7994E-06  0.8060E-06  0.4512E-06 -0.5033E-09  0.825  0.100
   10   12    1.200000  150  150   70 0.02 1.00  0.4337E-08  0.4337E-08  0.4479E-08  0.2488E-08  0.1204E-10  3.278  0.002
   10    9    1.200000  150  150   70 0.02 1.00  0.1599E-07  0.1599E-07  0.1612E-07  0.9023E-08 -0.1007E-10  0.825  0.002
   10   12    1.200000  150  150   70 0.02 1.00  0.4337E-08  0.4337E-08  0.4479E-08  0.2488E-08  0.1204E-10  3.278  0.002
   10   12    1.200000   50   50   70 0.02 1.00  0.4337E-08  0.4337E-08  0.3433E-08  0.1817E-08 -0.2113E-09 20.847  0.002
   10   11    1.200000   50   50   70 0.02 1.00  0.4155E-08  0.4155E-08  0.4183E-08  0.2404E-08 -0.4550E-10  0.677  0.002
   10    9    1.200000   50   50   70 0.02 1.00  0.1599E-07  0.1599E-07  0.1656E-07  0.9360E-08  0.1712E-09  3.591  0.002
   10    9    1.200000  150  150   70 0.02 1.00  0.1599E-07  0.1599E-07  0.1612E-07  0.9023E-08 -0.1007E-10  0.825  0.002
   10    9    1.200000  100  100   70 0.02 1.00  0.1599E-07  0.1599E-07  0.1615E-07  0.9079E-08 -0.7196E-11  1.046  0.002
   10    9    1.200000  200  200   70 0.02 1.00  0.1599E-07  0.1599E-07  0.1610E-07  0.9019E-08  0.5310E-11  0.733  0.002
   10    9    1.200000  100  100   70 0.02 1.00  0.1599E-07  0.1599E-07  0.1615E-07  0.9079E-08 -0.7196E-11  1.046  0.002
   10    9    1.200000  100  100   70 0.02 1.00  0.1599E-07  0.1599E-07  0.0000E+00  0.0000E+00  0.0000E+00100.000  0.002
   10    9    1.200000  100  100   70 0.02 1.00  0.1599E-07  0.1599E-07  0.1615E-07  0.9079E-08 -0.7196E-11  1.046  0.002
   10    9    1.200000  100  100   70 0.02 1.00  0.1599E-07  0.1599E-07  0.1615E-07  0.9079E-08 -0.7196E-11  1.046  0.002
   10    9    1.200000  100  100   70 0.02 1.00  0.1599E-07  0.1599E-07  0.1615E-07  0.9079E-08 -0.7196E-11  1.046  0.002
   10    9    1.200000  100  100   70 0.02 1.00  0.1599E-07  0.1599E-07  0.1615E-07  0.9079E-08 -0.7196E-11  1.046  0.002
   10    9    1.200000   30   30   70 0.02 1.00  0.1599E-07  0.1599E-07  0.1325E-07  0.6795E-08 -0.2011E-11 17.144  0.002
   10    9    1.200000   30   30   70 0.02 1.00  0.1599E-07  0.1599E-07  0.1325E-07  0.6795E-08 -0.2011E-11 17.144  0.002
   10   12    0.700000   30   30   70 0.02 1.00  0.6011E-08  0.6011E-08  0.4022E-14  0.8168E-15  0.3504E-17100.000  0.002
   10   12    0.700000   30   30   70 0.02 1.00  0.6011E-08  0.6011E-08  0.7651E-11  0.1374E-11 -0.7250E-13 99.873  0.002
   10   12    0.700000   30   30   70 0.02 1.00  0.6011E-08  0.6011E-08  0.7651E-11  0.1374E-11 -0.7250E-13 99.873  0.002
   10   12    0.700000   30   30   70 0.02 1.00  0.6011E-08  0.6011E-08  0.7651E-11  0.1374E-11 -0.7250E-13 99.873  0.002
   10   12    0.700000   60   60   70 0.02 1.00  0.6011E-08  0.6011E-08  0.7617E-11  0.1474E-11 -0.3544E-14 99.873  0.002
   10   12    0.700000   60   60   70 0.02 1.00  0.6011E-08  0.6011E-08  0.7617E-11  0.1474E-11 -0.3544E-14 99.873  0.002
   10   12    0.700000   60   60   70 0.02 1.00  0.6011E-08  0.6011E-08  0.7227E-08  0.1359E-08 -0.8250E-10 20.229  0.002
   10   12    0.700000  100  100   70 0.02 1.00  0.6011E-08  0.6011E-08  0.6097E-08  0.1094E-08 -0.1236E-09  1.439  0.002
   10   12    0.700000  150  150   70 0.02 1.00  0.6011E-08  0.6011E-08  0.6218E-08  0.1191E-08  0.1348E-11  3.445  0.002
   10   12    0.700000  250  250   70 0.02 1.00  0.6011E-08  0.6011E-08  0.6186E-08  0.1186E-08  0.6634E-11  2.916  0.002
   10   12    0.700000  100   50   70 0.02 1.00  0.6011E-08  0.6011E-08  0.6128E-08  0.1165E-08 -0.1145E-09  1.950  0.002 0.1075
   10   12    0.700000  150  100   70 0.02 1.00  0.6011E-08  0.6011E-08  0.6097E-08  0.1094E-08 -0.1236E-09  1.439  0.002 0.5286
   10   12    0.700000  200  150   70 0.02 1.00  0.6011E-08  0.6011E-08  0.6218E-08  0.1191E-08  0.1348E-11  3.445  0.002 1.4835
   10   12    0.700000  250  200   70 0.02 1.00  0.6011E-08  0.6011E-08  0.6193E-08  0.1200E-08  0.2430E-10  3.034  0.002 3.1970
   10   12    0.700000  300  250   70 0.02 1.00  0.6011E-08  0.6011E-08  0.6186E-08  0.1186E-08  0.6634E-11  2.916  0.002 5.8580
   10   12    0.700000  350  300   70 0.02 1.00  0.6011E-08  0.6011E-08  0.6192E-08  0.1179E-08 -0.6940E-11  3.019  0.002 9.7040
   10   12    0.700000  400  350   70 0.02 1.00  0.6011E-08  0.6011E-08  0.6182E-08  0.1182E-08 -0.7288E-12  2.840  0.00214.9278
   10   12    0.700000  450  400   70 0.02 1.00  0.6011E-08  0.6011E-08  0.6178E-08  0.1183E-08  0.2400E-11  2.785  0.00221.7741
   10   12    0.700000  100   50   70 0.02 1.00  0.6011E-08  0.6011E-08  0.6128E-08  0.1165E-08 -0.1145E-09  1.950  0.002 0.1027
   10   12    0.700000  150  100   70 0.02 1.00  0.6011E-08  0.6011E-08  0.6097E-08  0.1094E-08 -0.1236E-09  1.439  0.002 0.5238
   10   12    0.700000  200  150   70 0.02 1.00  0.6011E-08  0.6011E-08  0.6218E-08  0.1191E-08  0.1348E-11  3.445  0.002 1.4733
   10   12    0.700000  250  200   70 0.02 1.00  0.6011E-08  0.6011E-08  0.6193E-08  0.1200E-08  0.2430E-10  3.034  0.002 3.1642
   10   12    0.700000  300  250   70 0.02 1.00  0.6011E-08  0.6011E-08  0.6186E-08  0.1186E-08  0.6634E-11  2.916  0.002 5.8192
   10   12    0.700000  100   50   70 0.02 1.00  0.6011E-08  0.6011E-08  0.6128E-08  0.1165E-08 -0.1145E-09  1.950  0.002 0.1029
   10   12    0.700000  150  100   70 0.02 1.00  0.6011E-08  0.6011E-08  0.6097E-08  0.1094E-08 -0.1236E-09  1.439  0.002 0.5251
   10   12    0.700000  200  150   70 0.02 1.00  0.6011E-08  0.6011E-08  0.6218E-08  0.1191E-08  0.1348E-11  3.445  0.002 1.4767
   10   12    0.700000  250  200   70 0.02 1.00  0.6011E-08  0.6011E-08  0.6193E-08  0.1200E-08  0.2430E-10  3.034  0.002 3.1712
   10   12    0.700000  100   50   70 0.02 1.00  0.6011E-08  0.6011E-08  0.6128E-08  0.1165E-08 -0.1145E-09  1.950  0.002 0.1037
   10   12    0.700000  150  100   70 0.02 1.00  0.6011E-08  0.6011E-08  0.6097E-08  0.1094E-08 -0.1236E-09  1.439  0.002 0.5248
   10   12    0.700000  200  150   70 0.02 1.00  0.6011E-08  0.6011E-08  0.6218E-08  0.1191E-08  0.1348E-11  3.445  0.002 1.4795
   10   12    0.700000  250  200   70 0.02 1.00  0.6011E-08  0.6011E-08  0.6193E-08  0.1200E-08  0.2430E-10  3.034  0.002 3.1842
   10   12    0.700000  100   50   70 0.02 1.00  0.6011E-08  0.6011E-08  0.6128E-08  0.1165E-08 -0.1145E-09  1.950  0.002 0.1029
   10   12    0.700000  150  100   70 0.02 1.00  0.6011E-08  0.6011E-08  0.6097E-08  0.1094E-08 -0.1236E-09  1.439  0.002 0.5222
   10   12    0.700000  200  150   70 0.02 1.00  0.6011E-08  0.6011E-08  0.6218E-08  0.1191E-08  0.1348E-11  3.445  0.002 1.4762
   10   12    0.700000  250  200   70 0.02 1.00  0.6011E-08  0.6011E-08  0.6193E-08  0.1200E-08  0.2430E-10  3.034  0.002 3.1813
   10   12    0.700000  100   50   70 0.02 1.00  0.6011E-08  0.6011E-08  0.6128E-08  0.1165E-08 -0.1145E-09  1.950  0.002 0.1060
   10   12    0.700000  150  100   70 0.02 1.00  0.6011E-08  0.6011E-08  0.6097E-08  0.1094E-08 -0.1236E-09  1.439  0.002 0.5315
   10   12    0.700000  200  150   70 0.02 1.00  0.6011E-08  0.6011E-08  0.6218E-08  0.1191E-08  0.1348E-11  3.445  0.002 1.4950
   10   12    0.700000  250  200   70 0.02 1.00  0.6011E-08  0.6011E-08  0.6193E-08  0.1200E-08  0.2430E-10  3.034  0.002 3.2178
   10   12    0.700000  100   50   70 0.02 1.00  0.6011E-08  0.6011E-08  0.6128E-08  0.1165E-08 -0.1145E-09  1.950  0.002 0.1028
   10   12    0.700000  150  100   70 0.02 1.00  0.6011E-08  0.6011E-08  0.6097E-08  0.1094E-08 -0.1236E-09  1.439  0.002 0.5213
   10   12    0.700000  200  150   70 0.02 1.00  0.6011E-08  0.6011E-08  0.6218E-08  0.1191E-08  0.1348E-11  3.445  0.002 1.4733
   10   12    0.700000  250  200   70 0.02 1.00  0.6011E-08  0.6011E-08  0.6193E-08  0.1200E-08  0.2430E-10  3.034  0.002 3.1718
   10   12    0.700000  100   50   70 0.02 1.00  0.6011E-08  0.6011E-08  0.6128E-08  0.1165E-08 -0.1145E-09  1.950  0.002 0.1027
   10   12    0.700000  150  100   70 0.02 1.00  0.6011E-08  0.6011E-08  0.6097E-08  0.1094E-08 -0.1236E-09  1.439  0.002 0.5216
   10   12    0.700000  200  150   70 0.02 1.00  0.6011E-08  0.6011E-08  0.6218E-08  0.1191E-08  0.1348E-11  3.445  0.002 1.4746
   10   12    0.700000  250  200   70 0.02 1.00  0.6011E-08  0.6011E-08  0.6193E-08  0.1200E-08  0.2430E-10  3.034  0.002 3.1736
   10   12    0.700000  100   50   70 0.02 1.00  0.6011E-08  0.6011E-08  0.6128E-08  0.1165E-08 -0.1145E-09  1.950  0.002 0.1008
   10   12    0.700000  150  100   70 0.02 1.00  0.6011E-08  0.6011E-08  0.6097E-08  0.1094E-08 -0.1236E-09  1.439  0.002 0.5240
   10   12    0.700000  200  150   70 0.02 1.00  0.6011E-08  0.6011E-08  0.6218E-08  0.1191E-08  0.1348E-11  3.445  0.002 1.4803
   10   12    0.700000  250  200   70 0.02 1.00  0.6011E-08  0.6011E-08  0.6193E-08  0.1200E-08  0.2430E-10  3.034  0.002 3.1839
   10   12    0.700000  100   50   70 0.02 1.00  0.6011E-08  0.6128E-08  0.1165E-08 -0.000  1.950 0.0020 0.1282
   10   12    0.700000  150  100   70 0.02 1.00  0.6011E-08  0.6097E-08  0.1094E-08 -0.000  1.439 0.0020 0.6514
   10   12    0.700000  200  150   70 0.02 1.00  0.6011E-08  0.6218E-08  0.1191E-08  0.000  3.445 0.0020 1.8453
   10   12    0.700000  250  200   70 0.02 1.00  0.6011E-08  0.6193E-08  0.1200E-08  0.000  3.034 0.0020 3.9611
   10   12    0.700000  300  250   70 0.02 1.00  0.6011E-08  0.6186E-08  0.1186E-08  0.000  2.916 0.0020 7.2762
   10   12    0.700000  100   50   70 0.00 0.02 1.00  0.6011E-08  0.6128E-08  0.1165E-08 -0.1145E-09 1.9505************** 0.1278
   10   12    0.700000  150  100   70 0.00 0.02 1.00  0.6011E-08  0.6097E-08  0.1094E-08 -0.1236E-09 1.4393-7.3722 6.5049 0.6558
   10   12    0.700000  200  150   70 0.00 0.02 1.00  0.6011E-08  0.6218E-08  0.1191E-08  0.1348E-11 3.4452******* 8.1424 1.8484
   10   12    0.700000  250  200   70 0.00 0.02 1.00  0.6011E-08  0.6193E-08  0.1200E-08  0.2430E-10 3.033694.4527 0.7268 3.9751
   10   12    0.700000  300  250   70 0.00 0.02 1.00  0.6011E-08  0.6186E-08  0.1186E-08  0.0000E+00 2.9158******* 1.1709 7.3065
   10   12    0.700000  100   50   70 0.00 0.02 1.00  0.6011E-08  0.6128E-08  0.1165E-08 -0.1145E-09 1.9505************** 0.1295
   10   12    0.700000  150  100   70 0.00 0.02 1.00  0.6011E-08  0.6097E-08  0.1094E-08 -0.1236E-09 1.4393-7.3722 6.5049 0.6584
   10   12    0.700000  200  150   70 0.00 0.02 1.00  0.6011E-08  0.6218E-08  0.1191E-08  0.1348E-11 3.4452******* 8.1424 1.8639
   10   12    0.700000  250  200   70 0.00 0.02 1.00  0.6011E-08  0.6193E-08  0.1200E-08  0.2430E-10 3.033694.4527 0.7268 4.0145
   10   12    0.700000  300  250   70 0.00 0.02 1.00  0.6011E-08  0.6186E-08  0.1186E-08  0.0000E+00 2.9158******* 1.1709 7.3689
   10   12    0.700000  100   50   70 0.00 0.02 1.00  0.6011E-08  0.6128E-08  0.1165E-08 -0.1145E-09 1.9505************** 0.1285
   10   12    0.700000  150  100   70 0.00 0.02 1.00  0.6011E-08  0.6097E-08  0.1094E-08 -0.1236E-09 1.4393-7.3722 6.5049 0.6585
   10   12    0.700000  200  150   70 0.00 0.02 1.00  0.6011E-08  0.6218E-08  0.1191E-08  0.1348E-11 3.4452******* 8.1424 1.8505
   10   12    0.700000  250  200   70 0.00 0.02 1.00  0.6011E-08  0.6193E-08  0.1200E-08  0.2430E-10 3.033694.4527 0.7268 3.9785
   10   12    0.700000  300  250   70 0.00 0.02 1.00  0.6011E-08  0.6186E-08  0.1186E-08  0.0000E+00 2.9158******* 1.1709 7.3100
   10   12    0.700000  100   50   70 0.00 0.02 1.00  0.6011E-08  0.6128E-08  0.1165E-08 -0.1145E-09 1.9505************** 0.1291
   10   12    0.700000  150  100   70 0.00 0.02 1.00  0.6011E-08  0.6097E-08  0.1094E-08 -0.1236E-09 1.4393-7.3722 6.5049 0.6532
   10   12    0.700000  200  150   70 0.00 0.02 1.00  0.6011E-08  0.6218E-08  0.1191E-08  0.1348E-11 3.4452******* 8.1424 1.8472
   10   12    0.700000  250  200   70 0.00 0.02 1.00  0.6011E-08  0.6193E-08  0.1200E-08  0.2430E-10 3.033694.4527 0.7268 3.9708
   10   12    0.700000  300  250   70 0.00 0.02 1.00  0.6011E-08  0.6186E-08  0.1186E-08  0.0000E+00 2.9158******* 1.1709 7.3021
   10   12    0.700000  100   50   70 0.00 0.02 1.00  0.6011E-08  0.6128E-08  0.1165E-08 -0.1145E-09 1.9505************** 0.1282
   10   12    0.700000  150  100   70 0.00 0.02 1.00  0.6011E-08  0.6097E-08  0.1094E-08 -0.1236E-09 1.4393 7.3722 6.5049 0.6523
   10   12    0.700000  200  150   70 0.00 0.02 1.00  0.6011E-08  0.6218E-08  0.1191E-08  0.1348E-11 3.4452******* 8.1424 1.8522
   10   12    0.700000  250  200   70 0.00 0.02 1.00  0.6011E-08  0.6193E-08  0.1200E-08  0.2430E-10 3.033694.4527 0.7268 3.9806
   10   12    0.700000  300  250   70 0.00 0.02 1.00  0.6011E-08  0.6186E-08  0.1186E-08  0.0000E+00 2.9158******* 1.1709 7.3104
   10   12    0.700000  100   50   70 0.00 0.02 1.00  0.6011E-08  0.6128E-08  0.1165E-08 -0.1145E-09 1.9505************** 0.1291
   10   12    0.700000  150  100   70 0.00 0.02 1.00  0.6011E-08  0.6097E-08  0.1094E-08 -0.1236E-09 1.4393 7.3722 6.5049 0.6554
   10   12    0.700000  200  150   70 0.00 0.02 1.00  0.6011E-08  0.6218E-08  0.1191E-08  0.1348E-11 3.4452******* 8.1424 1.8515
   10   12    0.700000  250  200   70 0.00 0.02 1.00  0.6011E-08  0.6193E-08  0.1200E-08  0.2430E-10 3.033694.4527 0.7268 3.9909
   10   12    0.700000  300  250   70 0.00 0.02 1.00  0.6011E-08  0.6186E-08  0.1186E-08  0.0000E+00 2.9158******* 1.1709 7.3355
   10   12    0.700000  100   50   70 0.00 0.02 1.00  0.6011E-08  0.6128E-08  0.1165E-08 -0.1145E-09 1.9505************** 0.1282
   10   12    0.700000  150  100   70 0.00 0.02 1.00  0.6011E-08  0.6097E-08  0.1094E-08 -0.1236E-09 1.4393 7.3722 6.5049 0.6535
   10   12    0.700000  200  150   70 0.00 0.02 1.00  0.6011E-08  0.6218E-08  0.1191E-08  0.1348E-11 3.4452******* 8.1424 1.8451
   10   12    0.700000  250  200   70 0.00 0.02 1.00  0.6011E-08  0.6193E-08  0.1200E-08  0.0000E+00 3.033694.4527 0.7268 3.9709
   10   12    0.700000  100   50   70 0.00 0.02 1.00  0.6011E-08  0.6128E-08  0.1165E-08 -0.1145E-09 1.9505************** 0.1283
   10   12    0.700000  150  100   70 0.00 0.02 1.00  0.6011E-08  0.6097E-08  0.1094E-08 -0.1236E-09 1.4393 7.3722 6.5049 0.6514
   10   12    0.700000  200  150   70 0.00 0.02 1.00  0.6011E-08  0.6218E-08  0.1191E-08  0.1348E-11 3.4452******* 8.1424 1.8482
   10   12    0.700000  250  200   70 0.00 0.02 1.00  0.6011E-08  0.6193E-08  0.1200E-08  0.0000E+00 3.033694.4527 0.7268 3.9791
   10   12    0.700000  100   50   70 0.00 0.02 1.00  0.6011E-08  0.6128E-08  0.1165E-08 -0.1145E-09 1.9505************** 0.1285
   10   12    0.700000  150  100   70 0.00 0.02 1.00  0.6011E-08  0.6097E-08  0.1094E-08 -0.1236E-09 1.4393 7.3722 6.5049 0.6575
   10   12    0.700000  200  150   70 0.00 0.02 1.00  0.6011E-08  0.6218E-08  0.1191E-08  0.1348E-11 3.4452******* 8.1424 1.8529
   10   12    0.700000  250  200   70 0.00 0.02 1.00  0.6011E-08  0.6193E-08  0.1200E-08  0.0000E+00 3.033694.4527 0.7268 3.9879
   10   12    0.700000  100   50   70 0.00 0.02 1.00  0.6011E-08  0.6128E-08  0.1165E-08 -0.1145E-09 1.9505************** 0.1285
   10   12    0.700000  150  100   70 0.00 0.02 1.00  0.6011E-08  0.6097E-08  0.1094E-08 -0.1236E-09 1.4393 6.5049 7.3722 0.6536
   10   12    0.700000  200  150   70 0.00 0.02 1.00  0.6011E-08  0.6218E-08  0.1191E-08  0.1348E-11 3.4452 8.1424******* 1.8493
   10   12    0.700000  250  200   70 0.00 0.02 1.00  0.6011E-08  0.6193E-08  0.1200E-08  0.0000E+00 3.0336 0.726894.4527 3.9802
   10   12    0.700000  100   50   70 0.00 0.02 1.00  0.6011E-08  0.6128E-08  0.1165E-08 -0.1145E-09 1.9505************** 0.1328
   10   12    0.700000  150  100   70 0.00 0.02 1.00  0.6011E-08  0.6097E-08  0.1094E-08 -0.1236E-09 1.4393 6.5049 7.3722 0.6590
   10   12    0.700000  200  150   70 0.00 0.02 1.00  0.6011E-08  0.6218E-08  0.1191E-08  0.1348E-11 3.4452 8.1424******* 1.8525
   10   12    0.700000  250  200   70 0.00 0.02 1.00  0.6011E-08  0.6193E-08  0.1200E-08  0.0000E+00 3.0336 0.726894.4527 3.9827
   10   13    0.700000  100   50   70 0.00 0.02 1.00  0.3830E-08  0.3227E-08  0.5110E-09  0.6207E-1015.7325************** 0.1217
   10   13    0.700000  150  100   70 0.00 0.02 1.00  0.3830E-08  0.3965E-08  0.8085E-09  0.6585E-10 3.536036.7995 5.7373 0.6166
   10   13    0.700000  200  150   70 0.00 0.02 1.00  0.3830E-08  0.4051E-08  0.7901E-09  0.2178E-10 5.7697 2.3284******* 1.7415
   10   13    0.700000  250  200   70 0.00 0.02 1.00  0.3830E-08  0.3995E-08  0.7605E-09  0.0000E+00 4.3166 3.8904******* 3.7541
   10   13    0.700000  100   50   70 0.00 0.02 1.00  0.3830E-08  0.3227E-08  0.5110E-09  0.6207E-1015.7325************** 0.1204
   10   13    0.700000  150  100   70 0.00 0.02 1.00  0.3830E-08  0.3965E-08  0.8085E-09  0.6585E-10 3.536036.7995 5.7373 0.6114
   10   13    0.700000  200  150   70 0.00 0.02 1.00  0.3830E-08  0.4051E-08  0.7901E-09  0.2178E-10 5.7697 2.3284******* 1.7293
   10   13    0.700000  200  200   70 0.00 0.02 1.00  0.3830E-08  0.3995E-08  0.7605E-09  0.0000E+00 4.3166 3.8904******* 3.7196
   10   13    0.700000   50   50   70 0.00 0.02 1.00  0.3830E-08  0.3227E-08  0.5110E-09  0.6207E-1015.7325************** 0.1209
   10   13    0.700000  100  100   70 0.00 0.02 1.00  0.3830E-08  0.3965E-08  0.8085E-09  0.6585E-10 3.536036.7995 5.7373 0.6215
   10   13    0.700000  150  150   70 0.00 0.02 1.00  0.3830E-08  0.4051E-08  0.7901E-09  0.2178E-10 5.7697 2.3284******* 1.7450
   10   13    0.700000  200  200   70 0.00 0.02 1.00  0.3830E-08  0.3995E-08  0.7605E-09  0.0000E+00 4.3166 3.8904******* 3.7456
   10   13    0.700000   50   50   70 0.00 0.02 1.00  0.3830E-08  0.3227E-08  0.5110E-09  0.6207E-1015.7350************** 0.1198
   10   13    0.700000  100  100   70 0.00 0.02 1.00  0.3830E-08  0.3965E-08  0.8085E-09  0.6585E-10 3.532936.7995 5.7373 0.6097
   10   13    0.700000  150  150   70 0.00 0.02 1.00  0.3830E-08  0.4051E-08  0.7901E-09  0.2178E-10 5.7666 2.3284******* 1.7292
   10   13    0.700000  200  200   70 0.00 0.02 1.00  0.3830E-08  0.3995E-08  0.7605E-09  0.0000E+00 4.3135 3.8904******* 3.7212
   10   14    0.700000   50   50   70 0.00 0.02 1.00  0.6114E-08  0.6229E-08  0.1203E-08  0.1122E-09 1.8914************** 0.0559
   10   14    0.700000  100  100   70 0.00 0.02 1.00  0.6114E-08  0.6111E-08  0.1151E-08  0.0000E+00 0.0480 4.5546******* 0.2791
   10   14    0.700000   50   50   70 0.00 0.02 1.00  0.6114E-08  0.6229E-08  0.1203E-08  0.1122E-09 1.8914************** 0.0537
   10   14    0.700000  100  100   70 0.00 0.02 1.00  0.6114E-08  0.6111E-08  0.1151E-08  0.0000E+00 0.0480 4.5546******* 0.2769
   10   14    0.700000   50   50   70 0.00 0.02 1.00  0.6114E-08  0.6229E-08  0.1203E-08  0.1122E-09 1.8914************** 0.0561
   10   14    0.700000  100  100   70 0.00 0.02 1.00  0.6114E-08  0.6111E-08  0.1151E-08 -0.6872E-11 0.0480 4.5546******* 0.2794
   10   14    0.700000  150  150   70 0.00 0.02 1.00  0.6114E-08  0.6106E-08  0.1151E-08  0.0000E+00 0.1291 0.0289******* 0.7844
   10   14    0.700000   50   50   70 0.00 0.02 1.00  0.6114E-08  0.6229E-08  0.1203E-08  0.1122E-09 1.8914************** 0.0543
   10   14    0.700000  100  100   70 0.00 0.02 1.00  0.6114E-08  0.6111E-08  0.1151E-08  0.0000E+00 0.0480 4.5546******* 0.2800
   10   12    0.700000   50   50   70 0.00 0.02 1.00  0.7573E-35  0.6505E-35  0.1031E-35 -0.4366E-3614.1041************** 0.1233
   10   12    0.700000  100  100   70 0.00 0.02 1.00  0.7573E-35  0.8284E-35  0.1440E-35 -0.3183E-36 9.387228.451337.1466 0.6192
   10   12    0.700000  150  150   70 0.00 0.02 1.00  0.7573E-35  0.8486E-35  0.1692E-35  0.7905E-3712.054714.8402******* 1.7495
   10   12    0.700000  200  200   70 0.00 0.02 1.00  0.7573E-35  0.8207E-35  0.1653E-35  0.1119E-36 8.3679 2.350829.3387 3.7549
   10   12    0.700000  250  250   70 0.00 0.02 1.00  0.7573E-35  0.8154E-35  0.1591E-35  0.2242E-37 7.6698 3.8601******* 6.8997
   10   12    0.700000   50   50   70 0.00 0.02 0.80  0.7573E-35  0.6731E-35  0.1112E-35 -0.3572E-3611.1229************** 0.0987
   10   12    0.700000  100  100   70 0.00 0.02 0.80  0.7573E-35  0.8383E-35  0.1490E-35 -0.2603E-3610.692625.355737.2460 0.4984
   10   12    0.700000  150  150   70 0.00 0.02 0.80  0.7573E-35  0.8511E-35  0.1709E-35  0.1061E-3612.389212.8422******* 1.4141
   10   12    0.700000  200  200   70 0.00 0.02 0.80  0.7573E-35  0.8204E-35  0.1643E-35  0.9678E-37 8.3244 4.0166 9.6024 3.0509
   10   12    0.700000  250  250   70 0.00 0.02 0.80  0.7573E-35  0.8121E-35  0.1578E-35  0.8521E-38 7.2302 4.1449******* 5.6190
   10   12    0.700000   50   50   70 0.00 0.02 0.80  0.6011E-08  0.6266E-08  0.1194E-08 -0.9670E-10 4.2407************** 0.0861
   10   12    0.700000  100  100   70 0.00 0.02 0.80  0.6011E-08  0.6129E-08  0.1118E-08 -0.9225E-10 1.9682 6.8100 4.8307 0.4360
   10   12    0.700000  150  150   70 0.00 0.02 0.80  0.6011E-08  0.6231E-08  0.1199E-08  0.1275E-10 3.6582 6.7613******* 1.2266
   10   12    0.700000  200  200   70 0.00 0.02 0.80  0.6011E-08  0.6177E-08  0.1204E-08  0.0000E+00 2.7587 0.378562.6877 2.6414
   10   12    0.700000   50   50   70 0.00 0.02 0.80  0.7573E-35  0.6731E-35  0.1112E-35 -0.3572E-3611.1229************** 0.0984
   10   12    0.700000  100  100   70 0.00 0.02 0.80  0.7573E-35  0.8383E-35  0.1490E-35 -0.2603E-3610.692625.355737.2460 0.4988
   10   12    0.700000  150  150   70 0.00 0.02 0.80  0.7573E-35  0.8511E-35  0.1709E-35  0.1061E-3612.389212.8422******* 1.4130
   10   12    0.700000  200  200   70 0.00 0.02 0.80  0.7573E-35  0.8204E-35  0.1643E-35  0.9678E-37 8.3244 4.0166 9.6024 3.0394
   10   12    0.700000  250  250   70 0.00 0.02 0.80  0.7573E-35  0.8121E-35  0.1578E-35  0.8521E-38 7.2302 4.1449******* 5.5880
   10   12    0.700000   50   50   80 0.00 0.02 0.80  0.7573E-35  0.6731E-35  0.1112E-35 -0.3572E-3611.1229************** 0.0995
   10   12    0.700000  100  100   80 0.00 0.02 0.80  0.7573E-35  0.8383E-35  0.1490E-35 -0.2603E-3610.692625.355737.2460 0.5017
   10   12    0.700000  150  150   80 0.00 0.02 0.80  0.7573E-35  0.8511E-35  0.1709E-35  0.1061E-3612.389212.8422******* 1.4169
   10   12    0.700000  200  200   80 0.00 0.02 0.80  0.7573E-35  0.8204E-35  0.1643E-35  0.9678E-37 8.3244 4.0166 9.6024 3.0505
   10   12    0.700000  250  250   80 0.00 0.02 0.80  0.7573E-35  0.8121E-35  0.1578E-35  0.8521E-38 7.2302 4.1449******* 5.6053
   10   12    0.700000   50   50   70 0.00 0.02 0.70  0.7573E-35  0.6840E-35  0.1154E-35 -0.3153E-36 9.6842************** 0.0873
   10   12    0.700000  100  100   70 0.00 0.02 0.70  0.7573E-35  0.8438E-35  0.1516E-35 -0.2300E-3611.415123.886637.0872 0.4458
   10   12    0.700000  150  150   70 0.00 0.02 0.70  0.7573E-35  0.8508E-35  0.1710E-35  0.1101E-3612.339911.3259******* 1.2496
   10   12    0.700000  200  200   70 0.00 0.02 0.70  0.7573E-35  0.8197E-35  0.1636E-35  0.8647E-37 8.2391 4.506327.3096 2.6856
   10   12    0.700000  250  250   70 0.00 0.02 0.70  0.7573E-35  0.8110E-35  0.1573E-35  0.3885E-38 7.0920 4.0017******* 4.9412
   10   12    0.700000   50   50   70 0.00 0.02 0.60  0.7573E-35  0.6954E-35  0.1198E-35 -0.2714E-36 8.1709************** 0.0736
   10   12    0.700000  100  100   70 0.00 0.02 0.60  0.7573E-35  0.8496E-35  0.1544E-35 -0.1989E-3612.185722.393936.4335 0.3801
   10   12    0.700000  150  150   70 0.00 0.02 0.60  0.7573E-35  0.8485E-35  0.1701E-35  0.1031E-3612.0407 9.2375******* 1.0777
   10   12    0.700000  200  200   70 0.00 0.02 0.60  0.7573E-35  0.8185E-35  0.1627E-35  0.7342E-37 8.0818 4.569240.4708 2.3273
   10   12    0.700000  250  250   70 0.00 0.02 0.60  0.7573E-35  0.8104E-35  0.1571E-35  0.1007E-38 7.0134 3.5878******* 4.2888
   10   12    0.700000   50   50   90 0.00 0.02 0.60  0.7573E-35  0.6954E-35  0.1198E-35 -0.2714E-36 8.1709************** 0.0759
   10   12    0.700000   50   50   70 0.00 0.02 1.00  0.7573E-35  0.6505E-35  0.1031E-35 -0.4366E-3614.1041************** 0.1212
   10   12    0.700000  100  100   70 0.00 0.02 1.00  0.7573E-35  0.8284E-35  0.1440E-35 -0.3183E-36 9.387228.451337.1466 0.6137
   10   12    0.700000  150  150   70 0.00 0.02 1.00  0.7573E-35  0.8486E-35  0.1692E-35  0.7905E-3712.054714.8402******* 1.7354
   10   12    0.700000  200  200   70 0.00 0.02 1.00  0.7573E-35  0.8207E-35  0.1653E-35  0.1119E-36 8.3679 2.350829.3387 3.7413
   10   12    0.700000  250  250   70 0.00 0.02 1.00  0.7573E-35  0.8154E-35  0.1591E-35  0.2242E-37 7.6698 3.8601******* 6.8790
   10   12    0.700000   50   50   70 0.00 0.02 1.00  0.1010E-34  0.8698E-35  0.1377E-35 -0.5783E-3613.8583************** 0.1203
   10   12    0.700000  100  100   70 0.00 0.02 1.00  0.1010E-34  0.1111E-34  0.1934E-35 -0.4233E-3610.040428.809736.6021 0.6133
   10   12    0.700000  150  150   70 0.00 0.02 1.00  0.1010E-34  0.1134E-34  0.2253E-35  0.9628E-3712.265814.1716******* 1.7355
   10   12    0.700000  200  200   70 0.00 0.02 1.00  0.1010E-34  0.1098E-34  0.2205E-35  0.1393E-36 8.7220 2.201630.8723 3.7416
   10   12    0.700000  250  250   70 0.00 0.02 1.00  0.1010E-34  0.1092E-34  0.2131E-35  0.2854E-37 8.1848 3.4629******* 6.8813
   10   12    0.700000   50   50   70 0.00 0.02 1.00  0.6011E-08  0.6143E-08  0.1163E-08 -0.1238E-09 2.2016************** 0.1036
   10   12    0.700000  100  100   70 0.00 0.02 1.00  0.6011E-08  0.6088E-08  0.1098E-08 -0.1141E-09 1.2840 5.9396 8.5401 0.5346
   10   12    0.700000  150  150   70 0.00 0.02 1.00  0.6011E-08  0.6223E-08  0.1194E-08  0.4289E-11 3.5275 8.0312******* 1.5118
   10   12    0.700000  200  200   70 0.00 0.02 1.00  0.6011E-08  0.6175E-08  0.1205E-08  0.0000E+00 2.7326 0.918787.9152 3.2512
   10   12    0.700000   50   50   70 0.00 0.02 1.00  0.6011E-08  0.6143E-08  0.1163E-08 -0.1238E-09 2.2016************** 0.1045
   10   12    0.700000  100  100   70 0.00 0.02 1.00  0.6011E-08  0.6088E-08  0.1098E-08 -0.1141E-09 1.2840 5.9396 8.5401 0.5360
   10   12    0.700000  150  150   70 0.00 0.02 1.00  0.6011E-08  0.6223E-08  0.1194E-08  0.4289E-11 3.5275 8.0312******* 1.5117
   10   12    0.700000  200  200   70 0.00 0.02 1.00  0.6011E-08  0.6175E-08  0.1205E-08  0.0000E+00 2.7326 0.918787.9152 3.2555
   10   12    0.700000   50   50   70 0.00 0.02 1.00  0.6011E-08  0.6143E-08  0.1163E-08 -0.1238E-09 2.2016************** 0.1074
   10   12    0.700000  100  100   70 0.00 0.02 1.00  0.6011E-08  0.6088E-08  0.1098E-08 -0.1141E-09 1.2840 5.9396 8.5401 0.5488
   10   12    0.700000  150  150   70 0.00 0.02 1.00  0.6011E-08  0.6223E-08  0.1194E-08  0.4289E-11 3.5275 8.0312******* 1.5381
   10   12    0.700000  200  200   70 0.00 0.02 1.00  0.6011E-08  0.6175E-08  0.1205E-08  0.0000E+00 2.7326 0.918787.9152 3.3128
   10   12    0.700000   50   50   70 0.00 0.02 1.00  0.6011E-08  0.6143E-08  0.1163E-08 -0.1238E-09 2.2016************** 0.1082
   10   12    0.700000  100  100   70 0.00 0.02 1.00  0.6011E-08  0.6088E-08  0.1098E-08 -0.1141E-09 1.2840 5.9396 8.5401 0.5478
   10   12    0.700000  150  150   70 0.00 0.02 1.00  0.6011E-08  0.6223E-08  0.1194E-08  0.4289E-11 3.5275 8.0312******* 1.5533
   10   12    0.700000  200  200   70 0.00 0.02 1.00  0.6011E-08  0.6175E-08  0.1205E-08  0.0000E+00 2.7326 0.918787.9152 3.3418
   10   12    0.700000   50   50   70 0.00 0.02 1.00  0.5709E-08  0.6143E-08  0.1163E-08 -0.1238E-09 7.6084************** 0.1047
   10   12    0.700000  100  100   70 0.00 0.02 1.00  0.5709E-08  0.6088E-08  0.1098E-08 -0.1141E-09 6.6423 5.9396 8.5401 0.5299
   10   12    0.700000  150  150   70 0.00 0.02 1.00  0.5709E-08  0.6223E-08  0.1194E-08  0.4289E-11 9.0044 8.0312******* 1.5013
   10   12    0.700000  200  200   70 0.00 0.02 1.00  0.5709E-08  0.6175E-08  0.1205E-08  0.3549E-10 8.1675 0.918787.9152 3.2355
   10   12    0.700000  250  250   70 0.00 0.02 1.00  0.5709E-08  0.6190E-08  0.1187E-08  0.6962E-11 8.4304 1.4658******* 5.9652
   10   12    0.700000   50   50   70 0.00 0.02 1.00  0.6011E-08  0.6143E-08  0.1163E-08 -0.1238E-09 2.2016************** 0.1057
   10   12    0.700000  100  100   70 0.00 0.02 1.00  0.6011E-08  0.6088E-08  0.1098E-08 -0.1141E-09 1.2840 5.9396 8.5401 0.5346
   10   12    0.700000  150  150   70 0.00 0.02 1.00  0.6011E-08  0.6223E-08  0.1194E-08  0.4289E-11 3.5275 8.0312******* 1.5065
   10   12    0.700000  200  200   70 0.00 0.02 1.00  0.6011E-08  0.6175E-08  0.1205E-08  0.0000E+00 2.7326 0.918787.9152 3.2454
   10   12    0.700000   50   50   70 0.00 0.02 1.00  0.7573E-35  0.6505E-35  0.1031E-35 -0.4366E-3614.1041************** 0.1223
   10   12    0.700000  100  100   70 0.00 0.02 1.00  0.7573E-35  0.8284E-35  0.1440E-35 -0.3183E-36 9.387228.451337.1466 0.6221
   10   12    0.700000  150  150   70 0.00 0.02 1.00  0.7573E-35  0.8486E-35  0.1692E-35  0.7905E-3712.054714.8402******* 1.7628
   10   12    0.700000  200  200   70 0.00 0.02 1.00  0.7573E-35  0.8207E-35  0.1653E-35  0.1119E-36 8.3679 2.350829.3387 3.7894
   10   12    0.700000  250  250   70 0.00 0.02 1.00  0.7573E-35  0.8154E-35  0.1591E-35  0.2242E-37 7.6698 3.8601******* 6.9579
   10   11    0.700000   50   50   70 0.00 0.02 1.00  0.6005E-35  0.6315E-35  0.1173E-35 -0.4908E-37 5.1502************** 0.1051
   10   11    0.700000  100  100   70 0.00 0.02 1.00  0.6005E-35  0.6162E-35  0.1163E-35  0.0000E+00 2.6115 0.8666 3.9324 0.5387
   11   11    0.700000   50   50   70 0.00 0.02 1.00  0.8147E-35  0.8166E-35  0.1591E-35 -0.5540E-40 0.2318************** 0.0519
   11   11    0.700000  100  100   70 0.00 0.02 1.00  0.8147E-35  0.8164E-35  0.1592E-35  0.0000E+00 0.2016 0.0354******* 0.2576
   10   12    0.700000   50   50   70 0.00 0.02 1.00  0.7573E-35  0.6505E-35  0.1031E-35 -0.4366E-3614.1041************** 0.1203
   10   12    0.700000  100  100   70 0.00 0.02 1.00  0.7573E-35  0.8284E-35  0.1440E-35 -0.3183E-36 9.387228.451337.1466 0.6197
   10   12    0.700000  150  150   70 0.00 0.02 1.00  0.7573E-35  0.8486E-35  0.1692E-35  0.7905E-3712.054714.8402******* 1.7421
   10   12    0.700000  200  200   70 0.00 0.02 1.00  0.7573E-35  0.8207E-35  0.1653E-35  0.1119E-36 8.3679 2.350829.3387 3.7441
   10   12    0.700000  250  250   70 0.00 0.02 1.00  0.7573E-35  0.8154E-35  0.1591E-35  0.2242E-37 7.6698 3.8601******* 6.8760
   10   12    0.700000  350  350   70 0.00 0.02 1.00  0.7573E-35  0.8168E-35  0.1578E-35 -0.9521E-38 7.8484************** 6.2682
   10   12    0.700000   50   50   70 0.00 0.02 0.80  0.7573E-35  0.6731E-35  0.1112E-35 -0.3572E-3611.1229************** 0.1001
   10   12    0.700000  100  100   70 0.00 0.02 0.80  0.7573E-35  0.8383E-35  0.1490E-35 -0.2603E-3610.692625.355737.2460 0.5115
   10   12    0.700000  150  150   70 0.00 0.02 0.80  0.7573E-35  0.8511E-35  0.1709E-35  0.1061E-3612.389212.8422******* 1.4266
   10   12    0.700000  200  200   70 0.00 0.02 0.80  0.7573E-35  0.8204E-35  0.1643E-35  0.9678E-37 8.3244 4.0166 9.6024 3.0696
   10   12    0.700000  250  250   70 0.00 0.02 0.80  0.7573E-35  0.8121E-35  0.1578E-35  0.8521E-38 7.2302 4.1449******* 5.6521
   11   12    0.700000   50   50   70 0.00 0.02 0.80  0.3229E-34  0.3233E-34  0.6312E-35 -0.1411E-38 0.1042************** 0.0437
   11   12    0.700000  100  100   70 0.00 0.02 0.80  0.3229E-34  0.3232E-34  0.6311E-35  0.0000E+00 0.1028 0.0078******* 0.2143
   10   12    0.700000   50   50   70 0.00 0.02 0.80  0.7573E-35  0.6731E-35  0.1112E-35 -0.3572E-3611.1229************** 0.0968
   10   12    0.700000  100  100   70 0.00 0.02 0.80  0.7573E-35  0.8383E-35  0.1490E-35 -0.2603E-3610.692625.355737.2460 0.5009
   10   12    0.700000  150  150   70 0.00 0.02 0.80  0.7573E-35  0.8511E-35  0.1709E-35  0.1061E-3612.389212.8422******* 1.4202
   10   12    0.700000  200  200   70 0.00 0.02 0.80  0.7573E-35  0.8204E-35  0.1643E-35  0.9678E-37 8.3244 4.0166 9.6024 3.0516
   10   12    0.700000  250  250   70 0.00 0.02 0.80  0.7573E-35  0.8121E-35  0.1578E-35  0.8521E-38 7.2302 4.1449******* 5.6092
   10   12    0.700000   50   50   90 0.00 0.02 0.80  0.7573E-35  0.6731E-35  0.1112E-35 -0.3572E-3611.1229************** 0.1126
   10   12    0.700000  100  100   90 0.00 0.02 0.80  0.7573E-35  0.8383E-35  0.1490E-35 -0.2603E-3610.692625.355737.2460 0.5697
   10   12    0.700000  150  150   90 0.00 0.02 0.80  0.7573E-35  0.8511E-35  0.1709E-35  0.1061E-3612.389212.8422******* 1.6201
   10   12    0.700000  200  200   90 0.00 0.02 0.80  0.7573E-35  0.8204E-35  0.1643E-35  0.9678E-37 8.3244 4.0166 9.6024 3.4998
   10   12    0.700000  250  250   90 0.00 0.02 0.80  0.7573E-35  0.8121E-35  0.1578E-35  0.8521E-38 7.2302 4.1449******* 6.4272
   10   12    0.700000   50   50   90 0.00 0.02 0.80  0.7573E-35  0.6731E-35  0.1112E-35 -0.3572E-3611.1229************** 0.0994
   10   12    0.700000  100  100   90 0.00 0.02 0.80  0.7573E-35  0.8383E-35  0.1490E-35 -0.2603E-3610.692625.355737.2460 0.4992
   10   12    0.700000  150  150   90 0.00 0.02 0.80  0.7573E-35  0.8511E-35  0.1709E-35  0.1061E-3612.389212.8422******* 1.4192
   10   12    0.700000  200  200   90 0.00 0.02 0.80  0.7573E-35  0.8204E-35  0.1643E-35  0.9678E-37 8.3244 4.0166 9.6024 3.0545
   10   12    0.700000  250  250   90 0.00 0.02 0.80  0.7573E-35  0.8121E-35  0.1578E-35  0.8521E-38 7.2302 4.1449******* 5.6089
   10   12    0.700000   50   50   70 0.00 0.02 0.80  0.7573E-35  0.6731E-35  0.1112E-35 -0.3572E-3611.1229************** 0.0993
   10   12    0.700000  100  100   70 0.00 0.02 0.80  0.7573E-35  0.8383E-35  0.1490E-35 -0.2603E-3610.692625.355737.2460 0.5031
   10   12    0.700000  150  150   70 0.00 0.02 0.80  0.7573E-35  0.8511E-35  0.1709E-35  0.1061E-3612.389212.8422******* 1.4155
   10   12    0.700000  200  200   70 0.00 0.02 0.80  0.7573E-35  0.8204E-35  0.1643E-35  0.9678E-37 8.3244 4.0166 9.6024 3.0410
   10   12    0.700000  250  250   70 0.00 0.02 0.80  0.7573E-35  0.8121E-35  0.1578E-35  0.8521E-38 7.2302 4.1449******* 5.5867
   11   12    0.700000   50   50   70 0.00 0.02 0.80  0.3229E-34  0.3233E-34  0.6312E-35 -0.1411E-38 0.1042************** 0.0406
   11   12    0.700000  100  100   70 0.00 0.02 0.80  0.3229E-34  0.3232E-34  0.6311E-35  0.0000E+00 0.1028 0.0078******* 0.2114
   10   12    0.700000   50   50   70 0.00 0.02 0.80  0.2526E-45  0.2245E-45  0.3709E-46 -0.1192E-4611.1229************** 0.0982
   10   12    0.700000  100  100   70 0.00 0.02 0.80  0.2526E-45  0.2796E-45  0.4970E-46 -0.8682E-4710.692625.355737.2460 0.4978
   10   12    0.700000  150  150   70 0.00 0.02 0.80  0.2526E-45  0.2839E-45  0.5702E-46  0.3538E-4712.389212.8422******* 1.4113
   10   12    0.700000  200  200   70 0.00 0.02 0.80  0.2526E-45  0.2736E-45  0.5482E-46  0.3228E-47 8.3244 4.0166 9.6024 3.0370
   10   12    0.700000  250  250   70 0.00 0.02 0.80  0.2526E-45  0.2709E-45  0.5263E-46  0.2842E-48 7.2302 4.1449******* 5.5839
   10   12    0.700000   50   50   70 0.00 0.02 0.80  0.2526E-22  0.2245E-22  0.3709E-23 -0.1192E-2311.1229************** 0.0961
   10   12    0.700000  100  100   70 0.00 0.02 0.80  0.2526E-22  0.2796E-22  0.4970E-23 -0.8682E-2410.692625.355737.2460 0.5018
   10   12    0.700000  150  150   70 0.00 0.02 0.80  0.2526E-22  0.2839E-22  0.5702E-23  0.3538E-2412.389212.8422******* 1.4102
   10   12    0.700000  200  200   70 0.00 0.02 0.80  0.2526E-22  0.2736E-22  0.5482E-23  0.3228E-24 8.3244 4.0166 9.6024 3.0255
   10   12    0.700000  250  250   70 0.00 0.02 0.80  0.2526E-22  0.2709E-22  0.5263E-23  0.2842E-25 7.2302 4.1449******* 5.5687
   10   12    0.700000   50   50   70 0.00 0.02 0.80  0.7424E+33  0.6598E+33  0.1090E+33 -0.3502E+3211.1229************** 0.1026
   10   12    0.700000  100  100   70 0.00 0.02 0.80  0.7424E+33  0.8218E+33  0.1461E+33 -0.2552E+3210.692625.355737.2460 0.5014
   10   12    0.700000  150  150   70 0.00 0.02 0.80  0.7424E+33  0.8344E+33  0.1676E+33  0.1040E+3212.389212.8422******* 1.4080
   10   12    0.700000  200  200   70 0.00 0.02 0.80  0.7424E+33  0.8042E+33  0.1611E+33  0.9487E+31 8.3244 4.0166 9.6024 3.0267
   10   12    0.700000  250  250   70 0.00 0.02 0.80  0.7424E+33  0.7961E+33  0.1547E+33  0.8353E+30 7.2302 4.1449******* 5.5694
   10   12    0.700000   50   50   70 0.00 0.02 0.80  0.7424E+42  0.2275E-17  0.1090E+42 -0.3502E+41********************* 0.1049
   10   12    0.700000  100  100   70 0.00 0.02 0.80  0.7424E+42  0.2834E-17  0.1461E+42 -0.2552E+41*******25.355737.2460 0.5110
   10   12    0.700000  150  150   70 0.00 0.02 0.80  0.7424E+42  0.2877E-17  0.1676E+42  0.1040E+41*******12.8422******* 1.4345
   10   12    0.700000  200  200   70 0.00 0.02 0.80  0.7424E+42  0.2773E-17  0.1611E+42  0.9487E+40******* 4.0166 9.6024 3.0800
   10   12    0.700000  250  250   70 0.00 0.02 0.80  0.7424E+42  0.2745E-17  0.1547E+42  0.8353E+39******* 4.1449******* 5.6552
   10   12    0.700000   50   50   70 0.00 0.02 0.80  0.7424E+42  0.2275E-17  0.1090E+42 -0.3502E+41********************* 0.0967
   10   12    0.700000  100  100   70 0.00 0.02 0.80  0.7424E+42  0.2834E-17  0.1461E+42 -0.2552E+41*******25.355737.2460 0.5155
   10   12    0.700000  150  150   70 0.00 0.02 0.80  0.7424E+42  0.2877E-17  0.1676E+42  0.1040E+41*******12.8422******* 1.4179
   10   12    0.700000  200  200   70 0.00 0.02 0.80  0.7424E+42  0.2773E-17  0.1611E+42  0.9487E+40******* 4.0166 9.6024 3.0237
   10   12    0.700000  250  250   70 0.00 0.02 0.80  0.7424E+42  0.2745E-17  0.1547E+42  0.8353E+39******* 4.1449******* 5.5262
   10   12    0.700000   50   50   70 0.00 0.02 0.80  0.7424E+42  0.2275E-17  0.1090E+42 -0.3502E+41********************* 0.1006
   10   12    0.700000  100  100   70 0.00 0.02 0.80  0.7424E+42  0.2834E-17  0.1461E+42 -0.2552E+41*******25.355737.2460 0.5044
   10   12    0.700000  150  150   70 0.00 0.02 0.80  0.7424E+42  0.2877E-17  0.1676E+42  0.1040E+41*******12.8422******* 1.4308
   10   12    0.700000  200  200   70 0.00 0.02 0.80  0.7424E+42  0.2773E-17  0.1611E+42  0.9487E+40******* 4.0166 9.6024 3.0709
   10   12    0.700000  250  250   70 0.00 0.02 0.80  0.7424E+42  0.2745E-17  0.1547E+42  0.8353E+39******* 4.1449******* 5.6414
   10   12    0.700000   50   50   70 0.00 0.02 0.80  0.1115E-15  0.9910E-16  0.1637E-16 -0.5259E-1711.1229************** 0.0983
   10   12    0.700000  100  100   70 0.00 0.02 0.80  0.1115E-15  0.1234E-15  0.2193E-16 -0.3832E-1710.692625.355737.2460 0.5009
   10   12    0.700000  150  150   70 0.00 0.02 0.80  0.1115E-15  0.1253E-15  0.2517E-16  0.1562E-1712.389212.8422******* 1.4050
   10   12    0.700000  200  200   70 0.00 0.02 0.80  0.1115E-15  0.1208E-15  0.2419E-16  0.1425E-17 8.3244 4.0166 9.6024 3.0452
   10   12    0.700000  250  250   70 0.00 0.02 0.80  0.1115E-15  0.1196E-15  0.2323E-16  0.1255E-18 7.2302 4.1449******* 5.6098
   10    1.630270    0.700000   50   50   70 0.00 0.02 0.80  0.11150E-15  0.99098E-16  0.16373E-16 -0.52593E-17 11.12292100.00000100.00000  0.09617
   10    1.630270    0.700000  100  100   70 0.00 0.02 0.80  0.11150E-15  0.12342E-15  0.21935E-16 -0.38320E-17 10.69263 25.35568 37.24605  0.49781
   10    1.630270    0.700000  150  150   70 0.00 0.02 0.80  0.11150E-15  0.12531E-15  0.25167E-16  0.15617E-17 12.38917 12.84216345.37520  1.40339
   10    1.630270    0.700000  200  200   70 0.00 0.02 0.80  0.11150E-15  0.12078E-15  0.24195E-16  0.14249E-17  8.32445  4.01660  9.60241  3.02567
   10    1.630270    0.700000  250  250   70 0.00 0.02 0.80  0.11150E-15  0.11956E-15  0.23232E-16  0.12546E-18  7.23020  4.14488*********  5.56258
   10    1.630270    0.700000   50   50   70 0.00 0.02 0.80 0.111501E-15 0.990984E-16 0.163731E-16-0.525933E-17     11.1229    100.0000    100.0000      0.0990
   10    1.630270    0.700000  100  100   70 0.00 0.02 0.80 0.111501E-15 0.123423E-15 0.219348E-16-0.383204E-17     10.6926     25.3557     37.2460      0.5022
   10    1.630270    0.700000  150  150   70 0.00 0.02 0.80 0.111501E-15 0.125315E-15 0.251667E-16 0.156171E-17     12.3892     12.8422    345.3752      1.4268
   10    1.630270    0.700000  200  200   70 0.00 0.02 0.80 0.111501E-15 0.120782E-15 0.241949E-16 0.142488E-17      8.3244      4.0166      9.6024      3.0649
   10    1.630270    0.700000  250  250   70 0.00 0.02 0.80 0.111501E-15 0.119562E-15 0.232320E-16 0.125456E-18      7.2302      4.1449   1035.7667      5.6329
   10    1.630270    0.700000   50   50   70 0.00 0.02 0.80  0.11150E-15  0.99098E-16  0.16373E-16 -0.52593E-17     11.1229    100.0000    100.0000      0.0981
   10    1.630270    0.700000  100  100   70 0.00 0.02 0.80  0.11150E-15  0.12342E-15  0.21935E-16 -0.38320E-17     10.6926     25.3557     37.2460      0.5022
   10    1.630270    0.700000  150  150   70 0.00 0.02 0.80  0.11150E-15  0.12531E-15  0.25167E-16  0.15617E-17     12.3892     12.8422    345.3752      1.4147
   10    1.630270    0.700000  200  200   70 0.00 0.02 0.80  0.11150E-15  0.12078E-15  0.24195E-16  0.14249E-17      8.3244      4.0166      9.6024      3.0476
   10    1.630270    0.700000  250  250   70 0.00 0.02 0.80  0.11150E-15  0.11956E-15  0.23232E-16  0.12546E-18      7.2302      4.1449   1035.7667      5.6131
   10    1.630270    0.700000   50   50   70 0.00 0.02 0.80  0.11150E-15  0.99098E-16  0.16373E-16 -0.52593E-17      11.123     100.000     100.000       0.096
   10    1.630270    0.700000  100  100   70 0.00 0.02 0.80  0.11150E-15  0.12342E-15  0.21935E-16 -0.38320E-17      10.693      25.356      37.246       0.502
   10    1.630270    0.700000  150  150   70 0.00 0.02 0.80  0.11150E-15  0.12531E-15  0.25167E-16  0.15617E-17      12.389      12.842     345.375       1.414
   10    1.630270    0.700000  200  200   70 0.00 0.02 0.80  0.11150E-15  0.12078E-15  0.24195E-16  0.14249E-17       8.324       4.017       9.602       3.036
   10    1.630270    0.700000  250  250   70 0.00 0.02 0.80  0.11150E-15  0.11956E-15  0.23232E-16  0.12546E-18       7.230       4.145    1035.767       5.590
